0220:0306,0201,0334,0334,0201,0334,0334,0201,0334,0334,
0221:0200,
0222:0305,0201,0334,0201,0334,0201,0334,0201,0334,0201,0334,
0223:0306,0201,0334,0201,0334,0201,0334,0201,0334,0201,0334,0201,0334,
0224:0304,0350,0201,0334,0201,0334,0201,0334,0201,0334,0201,0334,0201,0334,0201,0334,0201,0334,
01220:0333,0200,
01221:0333,0200,
01222:0333,0200,
01223:0333,0200,
01224:0333,0200,
01225:0333,0200,
01226:0333,0200,
01227:0333,0200,
01230:0333,0200,
01231:0333,0200,
01232:0333,0200,
01233:0333,0200,
01234:0333,0200,
01235:0333,0200,
01236:0333,0200,
01237:0333,0200,
01240:0333,0200,
01241:0333,0200,
01242:0333,0200,
01243:0333,0200,
01244:0333,0200,
01245:0333,0200,
01246:0333,0200,
